function Lxx = D2LDxx(in1,in2,in3)
%D2LDxx
%    Lxx = D2LDxx(IN1,IN2,IN3)

%    This function was generated by the Symbolic Math Toolbox version 23.2.
%    2025-08-15 17:15:25

mt1 = [1.152850836631063e+2];
mt2 = [-7.222828668846019e-2];
mt3 = [-7.222828668846019e-2];
mt4 = [9.110194750123977e+1];
Lxx = reshape([mt1,mt2,mt3,mt4],2,2);
end
