function Phixx = D2PhiDxx(in1,in2,in3)
%D2PhiDxx
%    Phixx = D2PhiDxx(IN1,IN2,IN3)

%    This function was generated by the Symbolic Math Toolbox version 23.2.
%    2025-08-15 17:15:24

mt1 = [1.152850836631063e+4];
mt2 = [-7.222828668846019];
mt3 = [-7.222828668846019];
mt4 = [9.110194750123977e+3];
Phixx = reshape([mt1,mt2,mt3,mt4],2,2);
end
