function scaledown_u = scaledown_u(in1)
%SCALEDOWN_U
%    SCALEDOWN_U = SCALEDOWN_U(IN1)

%    This function was generated by the Symbolic Math Toolbox version 23.2.
%    2025-08-15 17:15:24

u1 = in1(:,1);
u2 = in1(:,2);
scaledown_u = [u1.*1.043445529564712e-3+1.47789978667053e-1,u2.*9.09400647475843e-4-3.294139609792182e-4];
end
