function scaledown_y = scaledown_y(in1)
%SCALEDOWN_Y
%    SCALEDOWN_Y = SCALEDOWN_Y(IN1)

%    This function was generated by the Symbolic Math Toolbox version 23.2.
%    2025-08-15 17:15:24

x1 = in1(:,1);
x2 = in1(:,2);
scaledown_y = [x1.*9.312587501911751e-2-1.63452034083899e-1,x2.*1.046227318994806e-1+7.415206583820833e-2];
end
