function scaleup_y = scaleup_y(in1)
%SCALEUP_Y
%    SCALEUP_Y = SCALEUP_Y(IN1)

%    This function was generated by the Symbolic Math Toolbox version 23.2.
%    2025-08-15 17:15:24

x1 = in1(:,1);
x2 = in1(:,2);
scaleup_y = [x1.*1.073815413594464e+1+1.755173135826584,x2.*9.558152247073608-7.08756734716621e-1];
end
