function scaleup_u = scaleup_u(in1)
%SCALEUP_U
%    SCALEUP_U = SCALEUP_U(IN1)

%    This function was generated by the Symbolic Math Toolbox version 23.2.
%    2025-08-15 17:15:24

u1 = in1(:,1);
u2 = in1(:,2);
scaleup_u = [u1.*9.583633947975842e+2-1.416365056724195e+2,u2.*1.099625344204039e+3+3.622319402273888e-1];
end
