function C = valC(in1,in2)
%valC
%    C = valC(IN1,IN2)

%    This function was generated by the Symbolic Math Toolbox version 23.2.
%    2025-08-15 17:15:24

u1 = in2(:,1);
u2 = in2(:,2);
t2 = u2.*1.099625344204039e+3;
t3 = u1.*9.583633947975842e+2;
C = [t3-1.24163650567242e+3;t2-1.099637768059773e+3;-t3-9.583634943275805e+2;-t2-1.100362231940227e+3];
end
