function scaledown_y = scaledown_y(in1)
%SCALEDOWN_Y
%    SCALEDOWN_Y = SCALEDOWN_Y(IN1)

%    This function was generated by the Symbolic Math Toolbox version 23.2.
%    2025-08-13 14:32:44

y1 = in1(:,1);
y2 = in1(:,2);
y3 = in1(:,3);
y4 = in1(:,4);
y5 = in1(:,5);
y6 = in1(:,6);
y7 = in1(:,7);
scaledown_y = [y1.*2.0+7.0./2.5e+1,y2.*(5.0e+1./5.11e+2)+9.4e+1./5.11e+2,y3.*(5.0e+1./4.31e+2)-1.63e+2./8.62e+2,y4.*2.358490566037736e+1-1.3e+1./1.06e+2,y5.*1.892147587511826e+1-2.090823084200568e-1,y6.*2.610966057441253e+1+7.8e+1./3.83e+2,y7.*(8.0e+2./3.9e+1)+1.93e+2./9.75e+2];
end
