function chart = chart(in1)
%CHART
%    CHART = CHART(IN1)

%    This function was generated by the Symbolic Math Toolbox version 23.2.
%    2025-08-08 00:13:12

z1 = in1(:,1);
z2 = in1(:,2);
z3 = in1(:,3);
z4 = in1(:,4);
z5 = in1(:,5);
z6 = in1(:,6);
z7 = in1(:,7);
et1 = z1.*(-1.331535152023047e-2)-z2.*9.530838587015121e-1+z3.*3.023785950992178e-1+z4.*2.288424664796074e-3+z5.*2.30402257441324e-3;
et2 = z6.*(-1.915262896864375e-3)-z7.*2.61367230504778e-3;
et3 = z1.*(-5.276883519527332e-2)-z2.*3.013131320225225e-1-z3.*9.520528682793262e-1-z4.*2.494952144476303e-3+z5.*2.470057336764414e-3;
et4 = z6.*2.18224068364384e-3-z7.*2.023452536683441e-3;
chart = [et1+et2;et3+et4];
end
