function param = param(in1)
%PARAM
%    PARAM = PARAM(IN1)

%    This function was generated by the Symbolic Math Toolbox version 23.2.
%    2025-08-08 00:13:12

y1 = in1(:,1);
y2 = in1(:,2);
mt1 = [y1.*(-1.331535152023047e-2)-y2.*5.276883519527332e-2;y1.*(-9.530838587015121e-1)-y2.*3.013131320225225e-1];
mt2 = [y1.*3.023785950992178e-1-y2.*9.520528682793262e-1;y1.*2.288424664796074e-3-y2.*2.494952144476303e-3];
mt3 = [y1.*2.30402257441324e-3+y2.*2.470057336764414e-3;y1.*(-1.915262896864375e-3)+y2.*2.18224068364384e-3];
mt4 = [y1.*(-2.61367230504778e-3)-y2.*2.023452536683441e-3];
param = [mt1;mt2;mt3;mt4];
end
